-440 1025.235
-438 1025.240
-437 1025.244
-436 1025.248
-435 1025.254
-434 1025.259
-433 1025.265
-432 1025.271
-431 1025.276
-430 1025.282
-429 1025.287
-428 1025.293
-427 1025.297
-426 1025.299
-425 1025.300
-424 1025.302
-423 1025.305
-422 1025.308
-421 1025.311
-420 1025.314
-419 1025.318
-418 1025.321
-417 1025.325
-416 1025.328
-415 1025.332
-414 1025.335
-413 1025.339
-412 1025.345
-411 1025.351
-410 1025.357
-409 1025.363
-408 1025.369
-407 1025.374
-406 1025.378
-405 1025.383
-404 1025.387
-403 1025.392
-402 1025.396
-401 1025.401
-400 1025.406
-399 1025.412
-398 1025.417
-397 1025.422
-396 1025.427
-395 1025.432
-394 1025.437
-393 1025.442
-392 1025.446
-391 1025.450
-390 1025.455
-389 1025.459
-388 1025.463
-387 1025.467
-386 1025.472
-385 1025.475
-384 1025.478
-383 1025.482
-382 1025.486
-381 1025.490
-380 1025.494
-379 1025.497
-378 1025.501
-377 1025.505
-376 1025.509
-375 1025.508
-374 1025.506
-373 1025.504
-372 1025.502
-371 1025.499
-370 1025.497
-369 1025.502
-368 1025.506
-367 1025.510
-366 1025.515
-365 1025.520
-364 1025.525
-363 1025.529
-362 1025.534
-361 1025.539
-360 1025.543
-359 1025.547
-358 1025.540
-357 1025.533
-356 1025.526
-355 1025.526
-354 1025.533
-353 1025.541
-352 1025.549
-351 1025.557
-350 1025.564
-349 1025.572
-348 1025.579
-347 1025.580
-346 1025.581
-345 1025.583
-344 1025.584
-343 1025.585
-342 1025.586
-341 1025.586
-340 1025.587
-339 1025.586
-338 1025.583
-337 1025.580
-336 1025.577
-335 1025.574
-334 1025.571
-333 1025.568
-332 1025.565
-331 1025.562
-330 1025.559
-329 1025.556
-328 1025.557
-327 1025.561
-326 1025.565
-325 1025.570
-324 1025.575
-323 1025.580
-322 1025.585
-321 1025.590
-320 1025.595
-319 1025.600
-318 1025.605
-317 1025.610
-316 1025.615
-315 1025.620
-314 1025.622
-313 1025.625
-312 1025.628
-311 1025.631
-310 1025.634
-309 1025.637
-308 1025.639
-307 1025.642
-306 1025.645
-305 1025.647
-304 1025.649
-303 1025.651
-302 1025.652
-301 1025.654
-300 1025.655
-299 1025.657
-298 1025.658
-297 1025.659
-296 1025.660
-295 1025.661
-294 1025.661
-293 1025.662
-292 1025.663
-291 1025.664
-290 1025.665
-289 1025.670
-288 1025.677
-287 1025.684
-286 1025.691
-285 1025.698
-284 1025.706
-283 1025.713
-282 1025.720
-281 1025.727
-280 1025.735
-279 1025.742
-278 1025.749
-277 1025.756
-276 1025.763
-275 1025.766
-274 1025.760
-273 1025.754
-272 1025.748
-271 1025.748
-270 1025.750
-269 1025.752
-268 1025.754
-267 1025.756
-266 1025.758
-265 1025.760
-264 1025.761
-263 1025.766
-262 1025.774
-261 1025.782
-260 1025.790
-259 1025.798
-258 1025.806
-257 1025.814
-256 1025.821
-255 1025.827
-254 1025.831
-253 1025.836
-252 1025.841
-251 1025.845
-250 1025.850
-249 1025.854
-248 1025.858
-247 1025.860
-246 1025.863
-245 1025.865
-244 1025.868
-243 1025.870
-242 1025.872
-241 1025.875
-240 1025.877
-239 1025.878
-238 1025.880
-237 1025.881
-236 1025.882
-235 1025.883
-234 1025.884
-233 1025.885
-232 1025.888
-231 1025.892
-230 1025.896
-229 1025.900
-228 1025.904
-227 1025.908
-226 1025.911
-225 1025.915
-224 1025.919
-223 1025.923
-222 1025.927
-221 1025.931
-220 1025.935
-219 1025.939
-218 1025.943
-217 1025.947
-216 1025.951
-215 1025.954
-214 1025.958
-213 1025.962
-212 1025.952
-211 1025.938
-210 1025.925
-209 1025.916
-208 1025.920
-207 1025.923
-206 1025.927
-205 1025.931
-204 1025.935
-203 1025.939
-202 1025.942
-201 1025.944
-200 1025.945
-199 1025.946
-198 1025.949
-197 1025.957
-196 1025.966
-195 1025.974
-194 1025.981
-193 1025.988
-192 1025.995
-191 1025.995
-190 1025.992
-189 1025.989
-188 1025.986
-187 1025.983
-186 1025.979
-185 1025.975
-184 1025.976
-183 1025.984
-182 1025.992
-181 1025.999
-180 1026.007
-179 1026.015
-178 1026.023
-177 1026.030
-176 1026.038
-175 1026.046
-174 1026.047
-173 1026.020
-172 1025.994
-171 1025.994
-170 1025.994
-169 1025.996
-168 1025.997
-167 1025.998
-166 1025.999
-165 1026.000
-164 1026.004
-163 1026.010
-162 1026.015
-161 1026.020
-160 1026.026
-159 1026.032
-158 1026.038
-157 1026.045
-156 1026.051
-155 1026.057
-154 1026.064
-153 1026.073
-152 1026.084
-151 1026.094
-150 1026.104
-149 1026.114
-148 1026.125
-147 1026.135
-146 1026.139
-145 1026.137
-144 1026.136
-143 1026.135
-142 1026.136
-141 1026.138
-140 1026.140
-139 1026.141
-138 1026.143
-137 1026.145
-136 1026.146
-135 1026.148
-134 1026.151
-133 1026.155
-132 1026.158
-131 1026.162
-130 1026.165
-129 1026.169
-128 1026.172
-127 1026.176
-126 1026.177
-125 1026.178
-124 1026.179
-123 1026.181
-122 1026.183
-121 1026.185
-120 1026.186
-119 1026.189
-118 1026.192
-117 1026.196
-116 1026.197
-115 1026.197
-114 1026.198
-113 1026.198
-112 1026.198
-111 1026.197
-110 1026.197
-109 1026.197
-108 1026.195
-107 1026.191
-106 1026.188
-105 1026.185
-104 1026.182
-103 1026.178
-102 1026.133
-101 1026.105
-100 1026.109
-99 1026.112
-98 1026.115
-97 1026.119
-96 1026.122
-95 1026.125
-94 1026.129
-93 1026.126
-92 1026.114
-91 1026.103
-90 1026.091
-89 1026.080
-88 1026.066
-87 1026.049
-86 1026.030
-85 1026.011
-84 1025.992
-83 1025.973
-82 1025.954
-81 1025.936
-80 1025.903
-79 1025.870
-78 1025.836
-77 1025.797
-76 1025.749
-75 1025.703
-74 1025.643
-73 1025.568
-72 1025.511
-71 1025.454
-70 1025.393
-69 1025.250
-68 1025.155
-67 1025.125
-66 1025.101
-65 1025.082
-64 1025.063
-63 1025.056
-62 1025.058
-61 1025.056
-60 1025.051
-59 1025.046
-58 1025.041
-57 1025.045
-56 1025.053
-55 1025.061
-54 1025.066
-53 1025.071
-52 1025.075
-51 1025.079
-50 1025.084
